======================================================================
🌾 MISSION PEARL MILLET — P05
EXPERIMENTAL SEQUENCE & TEMPORAL STRUCTURE ANALYSIS
======================================================================

Total experimental groups: 82
Total annotation records: 79928
Total group-frame combinations: 7954

FRAME STRUCTURE
----------------------------------------------------------------------
 group  frame_count  min_frame  max_frame  missing_frame_count missing_frames
 pg1_1           97          1         97                    0               
pg1_10           97          1         97                    0               
pg1_11           97          1         97                    0               
pg1_12           97          1         97                    0               
 pg1_2           97          1         97                    0               
 pg1_3           97          1         97                    0               
 pg1_4           97          1         97                    0               
 pg1_5           97          1         97                    0               
 pg1_6           97          1         97                    0               
 pg1_7           97          1         97                    0               
 pg1_8           97          1         97                    0               
 pg1_9           97          1         97                    0               
 pg2_1           97          1         97                    0               
pg2_10           97          1         97                    0               
pg2_11           97          1         97                    0               
pg2_12           97          1         97                    0               
 pg2_2           97          1         97                    0               
 pg2_3           97          1         97                    0               
 pg2_4           97          1         97                    0               
 pg2_5           97          1         97                    0               
 pg2_6           97          1         97                    0               
 pg2_7           97          1         97                    0               
 pg2_8           97          1         97                    0               
 pg2_9           97          1         97                    0               
 pg3_1           97          1         97                    0               
pg3_10           97          1         97                    0               
pg3_11           97          1         97                    0               
pg3_12           97          1         97                    0               
 pg3_2           97          1         97                    0               
 pg3_3           97          1         97                    0               
 pg3_4           97          1         97                    0               
 pg3_5           97          1         97                    0               
 pg3_7           97          1         97                    0               
 pg3_8           97          1         97                    0               
 pg3_9           97          1         97                    0               
 pg4_1           97          1         97                    0               
pg4_10           97          1         97                    0               
pg4_11           97          1         97                    0               
pg4_12           97          1         97                    0               
 pg4_2           97          1         97                    0               
 pg4_3           97          1         97                    0               
 pg4_4           97          1         97                    0               
 pg4_5           97          1         97                    0               
 pg4_6           97          1         97                    0               
 pg4_7           97          1         97                    0               
 pg4_8           97          1         97                    0               
 pg4_9           97          1         97                    0               
 pg5_1           97          1         97                    0               
pg5_10           97          1         97                    0               
pg5_11           97          1         97                    0               
pg5_12           97          1         97                    0               
 pg5_2           97          1         97                    0               
 pg5_3           97          1         97                    0               
 pg5_5           97          1         97                    0               
 pg5_6           97          1         97                    0               
 pg5_7           97          1         97                    0               
 pg5_8           97          1         97                    0               
 pg6_1           97          1         97                    0               
pg6_10           97          1         97                    0               
pg6_11           97          1         97                    0               
pg6_12           97          1         97                    0               
 pg6_2           97          1         97                    0               
 pg6_3           97          1         97                    0               
 pg6_4           97          1         97                    0               
 pg6_5           97          1         97                    0               
 pg6_6           97          1         97                    0               
 pg6_7           97          1         97                    0               
 pg6_8           97          1         97                    0               
 pg6_9           97          1         97                    0               
 pg7_1           97          1         97                    0               
pg7_10           97          1         97                    0               
pg7_11           97          1         97                    0               
pg7_12           97          1         97                    0               
 pg7_2           97          1         97                    0               
 pg7_3           97          1         97                    0               
 pg7_4           97          1         97                    0               
 pg7_5           97          1         97                    0               
 pg7_6           97          1         97                    0               
 pg7_7           97          1         97                    0               
 pg7_8           97          1         97                    0               
 pg7_9           97          1         97                    0               
 pg8_1           97          1         97                    0               

OBJECT COUNT PATTERNS
----------------------------------------------------------------------
 group object_count_values  min_objects  max_objects
 pg1_1                  10           10           10
pg1_10                  10           10           10
pg1_11                  10           10           10
pg1_12                  10           10           10
 pg1_2                  10           10           10
 pg1_3                  10           10           10
 pg1_4                  10           10           10
 pg1_5                  10           10           10
 pg1_6                  10           10           10
 pg1_7                  10           10           10
 pg1_8                  10           10           10
 pg1_9                  10           10           10
 pg2_1                  10           10           10
pg2_10                  10           10           10
pg2_11                  10           10           10
pg2_12                  10           10           10
 pg2_2                  10           10           10
 pg2_3                  10           10           10
 pg2_4                  10           10           10
 pg2_5                  10           10           10
 pg2_6                  10           10           10
 pg2_7                  10           10           10
 pg2_8                  10           10           10
 pg2_9                  10           10           10
 pg3_1                  10           10           10
pg3_10                  10           10           10
pg3_11                  10           10           10
pg3_12                  10           10           10
 pg3_2                  10           10           10
 pg3_3                  10           10           10
 pg3_4                  10           10           10
 pg3_5                  10           10           10
 pg3_7                  10           10           10
 pg3_8                  10           10           10
 pg3_9                  10           10           10
 pg4_1                  10           10           10
pg4_10                  11           11           11
pg4_11                  10           10           10
pg4_12                  10           10           10
 pg4_2                  10           10           10
 pg4_3                  10           10           10
 pg4_4                  10           10           10
 pg4_5                  10           10           10
 pg4_6                  10           10           10
 pg4_7                  10           10           10
 pg4_8                  10           10           10
 pg4_9                  10           10           10
 pg5_1                  10           10           10
pg5_10                  10           10           10
pg5_11                  10           10           10
pg5_12                  10           10           10
 pg5_2                  10           10           10
 pg5_3                  10           10           10
 pg5_5                  10           10           10
 pg5_6                  10           10           10
 pg5_7                  10           10           10
 pg5_8                  10           10           10
 pg6_1                  10           10           10
pg6_10                  10           10           10
pg6_11                  10           10           10
pg6_12                  10           10           10
 pg6_2                  10           10           10
 pg6_3                  10           10           10
 pg6_4                  10           10           10
 pg6_5                  11           11           11
 pg6_6                  10           10           10
 pg6_7                  10           10           10
 pg6_8                  10           10           10
 pg6_9                  10           10           10
 pg7_1                  10           10           10
pg7_10                  10           10           10
pg7_11                  10           10           10
pg7_12                  10           10           10
 pg7_2                  10           10           10
 pg7_3                  10           10           10
 pg7_4                  10           10           10
 pg7_5                  10           10           10
 pg7_6                  10           10           10
 pg7_7                  10           10           10
 pg7_8                  10           10           10
 pg7_9                  10           10           10
 pg8_1                  12           12           12

GERMINATION TRANSITIONS
----------------------------------------------------------------------
 group  first_frame  last_frame  initial_pg_im  initial_pg_el  final_pg_im  final_pg_el  pg_el_change
 pg1_1            1          97             10              0            4            6             6
pg1_10            1          97             10              0            2            8             8
pg1_11            1          97             10              0            1            9             9
pg1_12            1          97             10              0            0           10            10
 pg1_2            1          97             10              0            0           10            10
 pg1_3            1          97             10              0            3            7             7
 pg1_4            1          97             10              0            2            8             8
 pg1_5            1          97             10              0            4            6             6
 pg1_6            1          97             10              0            3            7             7
 pg1_7            1          97             10              0            0           10            10
 pg1_8            1          97             10              0            4            6             6
 pg1_9            1          97             10              0            0           10            10
 pg2_1            1          97             10              0            1            9             9
pg2_10            1          97             10              0            3            7             7
pg2_11            1          97             10              0            1            9             9
pg2_12            1          97             10              0            5            5             5
 pg2_2            1          97             10              0            1            9             9
 pg2_3            1          97             10              0            0           10            10
 pg2_4            1          97             10              0            1            9             9
 pg2_5            1          97             10              0            2            8             8
 pg2_6            1          97             10              0            1            9             9
 pg2_7            1          97             10              0            2            8             8
 pg2_8            1          97             10              0            1            9             9
 pg2_9            1          97             10              0            5            5             5
 pg3_1            1          97             10              0            1            9             9
pg3_10            1          97             10              0            3            7             7
pg3_11            1          97             10              0            2            8             8
pg3_12            1          97             10              0            3            7             7
 pg3_2            1          97             10              0            0           10            10
 pg3_3            1          97             10              0            6            4             4
 pg3_4            1          97             10              0            1            9             9
 pg3_5            1          97             10              0            0           10            10
 pg3_7            1          97             10              0            3            7             7
 pg3_8            1          97             10              0            3            7             7
 pg3_9            1          97             10              0            2            8             8
 pg4_1            1          97             10              0            2            8             8
pg4_10            1          97             11              0            0           11            11
pg4_11            1          97             10              0            0           10            10
pg4_12            1          97             10              0            1            9             9
 pg4_2            1          97             10              0            2            8             8
 pg4_3            1          97             10              0            0           10            10
 pg4_4            1          97             10              0            0           10            10
 pg4_5            1          97             10              0            0           10            10
 pg4_6            1          97             10              0            1            9             9
 pg4_7            1          97             10              0            3            7             7
 pg4_8            1          97             10              0            1            9             9
 pg4_9            1          97             10              0            2            8             8
 pg5_1            1          97             10              0            1            9             9
pg5_10            1          97             10              0            2            8             8
pg5_11            1          97             10              0            2            8             8
pg5_12            1          97             10              0            2            8             8
 pg5_2            1          97             10              0            0           10            10
 pg5_3            1          97             10              0            1            9             9
 pg5_5            1          97             10              0            0           10            10
 pg5_6            1          97             10              0            1            9             9
 pg5_7            1          97             10              0            1            9             9
 pg5_8            1          97             10              0            0           10            10
 pg6_1            1          97             10              0            0           10            10
pg6_10            1          97             10              0            0           10            10
pg6_11            1          97             10              0            0           10            10
pg6_12            1          97             10              0            1            9             9
 pg6_2            1          97             10              0            1            9             9
 pg6_3            1          97             10              0            2            8             8
 pg6_4            1          97             10              0            1            9             9
 pg6_5            1          97             11              0            2            9             9
 pg6_6            1          97             10              0            1            9             9
 pg6_7            1          97             10              0            1            9             9
 pg6_8            1          97             10              0            1            9             9
 pg6_9            1          97             10              0            0           10            10
 pg7_1            1          97             10              0            3            7             7
pg7_10            1          97             10              0            2            8             8
pg7_11            1          97             10              0            0           10            10
pg7_12            1          97             10              0            2            8             8
 pg7_2            1          97             10              0            1            9             9
 pg7_3            1          97             10              0            1            9             9
 pg7_4            1          97             10              0            0           10            10
 pg7_5            1          97             10              0            0           10            10
 pg7_6            1          97             10              0            0           10            10
 pg7_7            1          97             10              0            3            7             7
 pg7_8            1          97             10              0            2            8             8
 pg7_9            1          97             10              0            0           10            10
 pg8_1            1          97             12              0            0           12            12

FIRST PG_EL OCCURRENCE
----------------------------------------------------------------------
 group  first_pg_el_frame  pg_el_count_at_first_occurrence
 pg1_1                 16                                1
pg1_10                 11                                1
pg1_11                 15                                1
pg1_12                 14                                1
 pg1_2                 15                                1
 pg1_3                 12                                1
 pg1_4                 26                                1
 pg1_5                 24                                1
 pg1_6                 11                                2
 pg1_7                 20                                1
 pg1_8                 12                                1
 pg1_9                 13                                1
 pg2_1                 14                                1
pg2_10                 16                                1
pg2_11                 15                                1
pg2_12                 23                                1
 pg2_2                 17                                1
 pg2_3                 19                                2
 pg2_4                 15                                2
 pg2_5                 21                                1
 pg2_6                 22                                1
 pg2_7                 14                                1
 pg2_8                 14                                1
 pg2_9                 17                                1
 pg3_1                 15                                1
pg3_10                 14                                1
pg3_11                 11                                1
pg3_12                 15                                2
 pg3_2                 12                                1
 pg3_3                 21                                1
 pg3_4                 13                                1
 pg3_5                 12                                1
 pg3_7                  8                                1
 pg3_8                  9                                1
 pg3_9                 10                                1
 pg4_1                  3                                2
pg4_10                 20                                1
pg4_11                 13                                1
pg4_12                 11                                1
 pg4_2                 15                                1
 pg4_3                 12                                1
 pg4_4                 18                                2
 pg4_5                 12                                1
 pg4_6                 17                                1
 pg4_7                 16                                1
 pg4_8                 16                                1
 pg4_9                 27                                1
 pg5_1                 16                                1
pg5_10                 22                                1
pg5_11                 22                                3
pg5_12                 28                                1
 pg5_2                 17                                1
 pg5_3                 17                                1
 pg5_5                 19                                1
 pg5_6                 19                                1
 pg5_7                 27                                1
 pg5_8                 19                                1
 pg6_1                  8                                1
pg6_10                 15                                1
pg6_11                 18                                1
pg6_12                 14                                1
 pg6_2                 19                                1
 pg6_3                 16                                1
 pg6_4                 13                                1
 pg6_5                 17                                1
 pg6_6                  8                                1
 pg6_7                 12                                1
 pg6_8                 17                                1
 pg6_9                 21                                1
 pg7_1                 19                                1
pg7_10                 13                                1
pg7_11                 15                                1
pg7_12                 20                                1
 pg7_2                 18                                1
 pg7_3                 21                                1
 pg7_4                 14                                1
 pg7_5                 18                                1
 pg7_6                 13                                2
 pg7_7                 22                                1
 pg7_8                 14                                1
 pg7_9                 21                                1
 pg8_1                  4                                1